{
 "cells": [
  {
   "cell_type": "markdown",
   "id": "17682aff",
   "metadata": {},
   "source": [
    "# GF-MUL Decoder SASCA - Gaussian posterior calibrated to paper Table 2 accuracies\n",
    "\n",
    "이 노트북은 논문 Table 2의 HW template accuracy를 **Gaussian HW leakage model**로 맞춘 뒤 decoder SASCA를 30회 반복 평가한다.\n",
    "\n",
    "핵심 모델:\n",
    "\n",
    "\\[\n",
    "x = \\alpha \\cdot h + \\beta + N(0,\\sigma_{raw}^2), \\quad h=HW(v)\n",
    "\\]\n",
    "\n",
    "정확도는 \\(\\alpha\\)와 \\(\\sigma_{raw}\\) 각각이 아니라\n",
    "\n",
    "\\[\n",
    "\\rho = \\frac{|\\alpha|}{\\sigma_{raw}}, \\qquad \\sigma_{eff}=\\frac{1}{\\rho}=\\frac{\\sigma_{raw}}{|\\alpha|}\n",
    "\\]\n",
    "\n",
    "에 의해 결정된다. 따라서 Table 2 accuracy를 먼저 \\(\\rho\\)로 변환하고, 사용자가 설정한 \\(\\alpha\\)에 따라 \\(\\sigma_{raw}=|\\alpha|/\\rho\\)를 계산한다.\n",
    "\n",
    "기본값:\n",
    "- `op1_hw` accuracy = 0.3035\n",
    "- `out_hw` accuracy = 0.5178\n",
    "- `N_ATTACKS = 30`\n",
    "\n",
    "`ALPHA_OP1`, `ALPHA_OUT`을 바꾸면 같은 accuracy를 유지하기 위해 raw sigma가 어떻게 바뀌는지 확인할 수 있다.\n"
   ]
  },
  {
   "cell_type": "code",
   "execution_count": 1,
   "id": "dad3dff3",
   "metadata": {},
   "outputs": [],
   "source": [
    "import numpy as np\n",
    "from math import erf, sqrt\n",
    "from scalib.attacks import FactorGraph, BPState\n",
    "\n",
    "# ----------------------------\n",
    "# User config\n",
    "# ----------------------------\n",
    "SEED = 1234\n",
    "N_ATTACKS = 30\n",
    "TOPK = 32\n",
    "\n",
    "# 논문 Table 2 HW template accuracy\n",
    "ACC_OP1_HW = 0.3035\n",
    "ACC_OUT_HW = 0.5178\n",
    "\n",
    "# 사용자가 조정할 수 있는 raw leakage scale\n",
    "# alpha가 바뀌면 같은 accuracy를 맞추기 위해 sigma_raw도 같이 바뀐다.\n",
    "ALPHA_OP1 = 1.0\n",
    "ALPHA_OUT = 4.0\n",
    "BETA_OP1 = 0.0\n",
    "BETA_OUT = 0.0\n",
    "\n",
    "rng = np.random.default_rng(SEED)\n"
   ]
  },
  {
   "cell_type": "markdown",
   "id": "278471af",
   "metadata": {},
   "source": [
    "## 수식적 근거\n",
    "\n",
    "Gaussian leakage를\n",
    "\n",
    "\\[\n",
    "x=\\alpha h+\\beta+\\epsilon,\\quad \\epsilon\\sim N(0,\\sigma_{raw}^{2})\n",
    "\\]\n",
    "\n",
    "라고 두자. 여기서 \\(h\\in\\{0,\\dots,8\\}\\)는 HW class다.\n",
    "\n",
    "가장 가까운 HW 평균값 \\(\\alpha k+\\beta\\)를 고르는 classifier의 decision boundary는 인접한 두 class 사이의 중점이다. 내부 class \\(1\\le h\\le 7\\)에서 정답이 되려면\n",
    "\n",
    "\\[\n",
    "\\alpha(h-\\tfrac12)+\\beta \\le x < \\alpha(h+\\tfrac12)+\\beta\n",
    "\\]\n",
    "\n",
    "이어야 한다. 따라서\n",
    "\n",
    "\\[\n",
    "-\\frac{|\\alpha|}{2} \\le \\epsilon < \\frac{|\\alpha|}{2}\n",
    "\\]\n",
    "\n",
    "이고,\n",
    "\n",
    "\\[\n",
    "P(\\text{correct}\\mid h)=\n",
    "2\\Phi\\left(\\frac{|\\alpha|}{2\\sigma_{raw}}\\right)-1\n",
    "=\n",
    "2\\Phi\\left(\\frac{\\rho}{2}\\right)-1\n",
    "\\]\n",
    "\n",
    "이다. 단,\n",
    "\n",
    "\\[\n",
    "\\rho=\\frac{|\\alpha|}{\\sigma_{raw}}.\n",
    "\\]\n",
    "\n",
    "끝점 \\(h=0,8\\)은 한쪽 boundary만 있으므로\n",
    "\n",
    "\\[\n",
    "P(\\text{correct}\\mid h=0\\text{ or }8)=\\Phi(\\rho/2)\n",
    "\\]\n",
    "\n",
    "로 계산한다. 최종 accuracy는 byte HW 분포\n",
    "\n",
    "\\[\n",
    "P(HW=h)=\\binom{8}{h}/256\n",
    "\\]\n",
    "\n",
    "로 가중 평균한다. 이 노트북은 target accuracy에서 \\(\\rho\\)를 먼저 찾고, 사용자가 지정한 \\(\\alpha\\)에 대해\n",
    "\n",
    "\\[\n",
    "\\sigma_{raw}=\\frac{|\\alpha|}{\\rho}\n",
    "\\]\n",
    "\n",
    "를 계산한다. 그래서 \\(\\alpha\\)를 바꿔도 target accuracy가 유지된다.\n"
   ]
  },
  {
   "cell_type": "code",
   "execution_count": 2,
   "id": "19fb8f00",
   "metadata": {},
   "outputs": [
    {
     "name": "stdout",
     "output_type": "stream",
     "text": [
      "[Gaussian calibration from Table 2 accuracy]\n",
      "op1 target acc = 0.3035 -> rho=0.772716, sigma_eff=1.294136\n",
      "out target acc = 0.5178 -> rho=1.399476, sigma_eff=0.714553\n",
      "\n",
      "[Current alpha -> raw sigma]\n",
      "ALPHA_OP1=1.0 -> SIGMA_RAW_OP1=1.294136\n",
      "ALPHA_OUT=4.0 -> SIGMA_RAW_OUT=2.858213\n"
     ]
    }
   ],
   "source": [
    "# ----------------------------\n",
    "# Gaussian model calibrated from top-1 accuracy\n",
    "# ----------------------------\n",
    "HW_WEIGHTS = np.array([1, 8, 28, 56, 70, 56, 28, 8, 1], dtype=np.float64) / 256.0\n",
    "\n",
    "def Phi(x: float) -> float:\n",
    "    return 0.5 * (1.0 + erf(float(x) / sqrt(2.0)))\n",
    "\n",
    "def hw_top1_accuracy_from_rho(rho: float) -> float:\n",
    "    \"\"\"\n",
    "    Nearest-HW classifier accuracy under:\n",
    "        x = alpha*h + beta + N(0, sigma_raw^2)\n",
    "    where rho = |alpha|/sigma_raw.\n",
    "\n",
    "    For internal HW classes 1..7:\n",
    "        correct iff |noise| < |alpha|/2\n",
    "    For endpoints 0 and 8:\n",
    "        one-sided interval.\n",
    "    HW distribution is byte HW ~ Binomial(8, 1/2).\n",
    "    \"\"\"\n",
    "    rho = float(rho)\n",
    "    acc = 0.0\n",
    "    for h, w in enumerate(HW_WEIGHTS):\n",
    "        if h == 0 or h == 8:\n",
    "            p_correct = Phi(rho / 2.0)\n",
    "        else:\n",
    "            p_correct = 2.0 * Phi(rho / 2.0) - 1.0\n",
    "        acc += w * p_correct\n",
    "    return acc\n",
    "\n",
    "def find_rho_for_accuracy(target_acc: float, lo: float = 1e-9, hi: float = 100.0, iters: int = 100) -> float:\n",
    "    \"\"\"Solve A(rho)=target_acc by binary search.\"\"\"\n",
    "    target_acc = float(target_acc)\n",
    "    if not (hw_top1_accuracy_from_rho(lo) <= target_acc <= hw_top1_accuracy_from_rho(hi)):\n",
    "        raise ValueError(f\"target_acc={target_acc} is outside achievable range\")\n",
    "    for _ in range(iters):\n",
    "        mid = (lo + hi) / 2.0\n",
    "        if hw_top1_accuracy_from_rho(mid) < target_acc:\n",
    "            lo = mid\n",
    "        else:\n",
    "            hi = mid\n",
    "    return (lo + hi) / 2.0\n",
    "\n",
    "RHO_OP1 = find_rho_for_accuracy(ACC_OP1_HW)\n",
    "RHO_OUT = find_rho_for_accuracy(ACC_OUT_HW)\n",
    "\n",
    "SIGMA_EFF_OP1 = 1.0 / RHO_OP1\n",
    "SIGMA_EFF_OUT = 1.0 / RHO_OUT\n",
    "\n",
    "def sigma_raw_from_alpha(alpha: float, rho: float) -> float:\n",
    "    if abs(alpha) == 0:\n",
    "        raise ValueError(\"alpha must be nonzero\")\n",
    "    return abs(float(alpha)) / float(rho)\n",
    "\n",
    "SIGMA_RAW_OP1 = sigma_raw_from_alpha(ALPHA_OP1, RHO_OP1)\n",
    "SIGMA_RAW_OUT = sigma_raw_from_alpha(ALPHA_OUT, RHO_OUT)\n",
    "\n",
    "def gaussian_hw_posterior(true_hw: int, alpha: float, beta: float, sigma_raw: float, rng):\n",
    "    \"\"\"\n",
    "    Generate one noisy leakage x and convert it into posterior over HW classes 0..8.\n",
    "\n",
    "        x = alpha*true_hw + beta + N(0, sigma_raw^2)\n",
    "        P(k | x) ∝ exp(-(x - (alpha*k + beta))^2 / (2*sigma_raw^2))\n",
    "\n",
    "    This is the Gaussian-like posterior used as SASCA input.\n",
    "    \"\"\"\n",
    "    true_hw = int(true_hw)\n",
    "    alpha = float(alpha)\n",
    "    beta = float(beta)\n",
    "    sigma_raw = float(sigma_raw)\n",
    "    x = alpha * true_hw + beta + rng.normal(0.0, sigma_raw)\n",
    "\n",
    "    hws = np.arange(9, dtype=np.float64)\n",
    "    means = alpha * hws + beta\n",
    "    logp = -0.5 * ((x - means) / sigma_raw) ** 2\n",
    "    p = np.exp(logp - np.max(logp))\n",
    "    return p / p.sum()\n",
    "\n",
    "print(\"[Gaussian calibration from Table 2 accuracy]\")\n",
    "print(f\"op1 target acc = {ACC_OP1_HW:.4f} -> rho={RHO_OP1:.6f}, sigma_eff={SIGMA_EFF_OP1:.6f}\")\n",
    "print(f\"out target acc = {ACC_OUT_HW:.4f} -> rho={RHO_OUT:.6f}, sigma_eff={SIGMA_EFF_OUT:.6f}\")\n",
    "print()\n",
    "print(\"[Current alpha -> raw sigma]\")\n",
    "print(f\"ALPHA_OP1={ALPHA_OP1} -> SIGMA_RAW_OP1={SIGMA_RAW_OP1:.6f}\")\n",
    "print(f\"ALPHA_OUT={ALPHA_OUT} -> SIGMA_RAW_OUT={SIGMA_RAW_OUT:.6f}\")\n"
   ]
  },
  {
   "cell_type": "code",
   "execution_count": 3,
   "id": "5550228a",
   "metadata": {},
   "outputs": [
    {
     "name": "stdout",
     "output_type": "stream",
     "text": [
      "[sigma_raw as alpha changes while accuracy is fixed]\n",
      "alpha | sigma_raw(op1 acc=0.3035) | sigma_raw(out acc=0.5178)\n",
      " 0.25 |                  0.323534 |                  0.178638\n",
      " 0.50 |                  0.647068 |                  0.357277\n",
      " 1.00 |                  1.294136 |                  0.714553\n",
      " 2.00 |                  2.588271 |                  1.429106\n",
      " 4.00 |                  5.176543 |                  2.858213\n",
      "\n",
      "[empirical sanity check]\n",
      "op1: empirical top-1 acc ≈ 0.30628\n",
      "out: empirical top-1 acc ≈ 0.51776\n"
     ]
    }
   ],
   "source": [
    "# ----------------------------\n",
    "# Sigma values for different alpha choices\n",
    "# ----------------------------\n",
    "ALPHA_GRID = [0.25, 0.5, 1.0, 2.0, 4.0]\n",
    "\n",
    "print(\"[sigma_raw as alpha changes while accuracy is fixed]\")\n",
    "print(\"alpha | sigma_raw(op1 acc=0.3035) | sigma_raw(out acc=0.5178)\")\n",
    "for a in ALPHA_GRID:\n",
    "    sig_op1 = sigma_raw_from_alpha(a, RHO_OP1)\n",
    "    sig_out = sigma_raw_from_alpha(a, RHO_OUT)\n",
    "    print(f\"{a:5.2f} | {sig_op1:25.6f} | {sig_out:25.6f}\")\n",
    "\n",
    "def empirical_hw_accuracy(acc_name, alpha, beta, sigma_raw, n=200000, seed=7):\n",
    "    rng_local = np.random.default_rng(seed)\n",
    "    true_hw = rng_local.choice(np.arange(9), size=n, p=HW_WEIGHTS)\n",
    "    pred = np.empty(n, dtype=np.int16)\n",
    "    for i, h in enumerate(true_hw):\n",
    "        p = gaussian_hw_posterior(int(h), alpha, beta, sigma_raw, rng_local)\n",
    "        pred[i] = int(np.argmax(p))\n",
    "    measured = float(np.mean(pred == true_hw))\n",
    "    print(f\"{acc_name}: empirical top-1 acc ≈ {measured:.5f}\")\n",
    "\n",
    "print(\"\\n[empirical sanity check]\")\n",
    "empirical_hw_accuracy(\"op1\", ALPHA_OP1, BETA_OP1, SIGMA_RAW_OP1, n=50000, seed=11)\n",
    "empirical_hw_accuracy(\"out\", ALPHA_OUT, BETA_OUT, SIGMA_RAW_OUT, n=50000, seed=12)\n"
   ]
  },
  {
   "cell_type": "code",
   "execution_count": 4,
   "id": "06add614",
   "metadata": {},
   "outputs": [],
   "source": [
    "# ----------------------------\n",
    "# Common helpers\n",
    "# ----------------------------\n",
    "def hw8_scalar(x: int) -> int:\n",
    "    return bin(x & 0xFF).count(\"1\")\n",
    "\n",
    "def gf_mul_ref_python(a: int, b: int) -> int:\n",
    "    a &= 0xFF\n",
    "    b &= 0xFF\n",
    "    p = 0\n",
    "    for _ in range(8):\n",
    "        if b & 1:\n",
    "            p ^= a\n",
    "        hi = a & 0x80\n",
    "        a = (a << 1) & 0xFF\n",
    "        if hi:\n",
    "            a ^= 0x1D\n",
    "        b >>= 1\n",
    "    return p & 0xFF\n",
    "\n",
    "def posterior_rank(post: np.ndarray, true_idx: int) -> int:\n",
    "    return 1 + int(np.sum(post > post[true_idx]))\n"
   ]
  },
  {
   "cell_type": "code",
   "execution_count": 5,
   "id": "07b3de7d",
   "metadata": {},
   "outputs": [
    {
     "name": "stdout",
     "output_type": "stream",
     "text": [
      "H_eff.shape = (30, 45)\n"
     ]
    }
   ],
   "source": [
    "import numpy as np\n",
    "\n",
    "# ============================================================\n",
    "# Step 2. Real decoder coefficient matrix H_eff\n",
    "# ============================================================\n",
    "# Extracted from 2023 reference code: alpha_ij_pow[30][45]\n",
    "# shape = (n-k, n-1) = (30, 45) for HQC128\n",
    "\n",
    "H_eff = np.array([[2, 4, 8, 16, 32, 64, 128, 29, 58, 116, 232, 205, 135, 19, 38, 76, 152, 45, 90, 180, 117, 234, 201, 143, 3, 6, 12, 24, 48, 96, 192, 157, 39, 78, 156, 37, 74, 148, 53, 106, 212, 181, 119, 238, 193], [4, 16, 64, 29, 116, 205, 19, 76, 45, 180, 234, 143, 6, 24, 96, 157, 78, 37, 148, 106, 181, 238, 159, 70, 5, 20, 80, 93, 105, 185, 222, 95, 97, 153, 94, 101, 137, 30, 120, 253, 211, 107, 177, 254, 223], [8, 64, 58, 205, 38, 45, 117, 143, 12, 96, 39, 37, 53, 181, 193, 70, 10, 80, 186, 185, 161, 97, 47, 101, 15, 120, 231, 107, 127, 223, 182, 217, 134, 68, 26, 208, 206, 62, 237, 59, 197, 102, 23, 184, 169], [16, 29, 205, 76, 180, 143, 24, 157, 37, 106, 238, 70, 20, 93, 185, 95, 153, 101, 30, 253, 107, 254, 91, 217, 17, 13, 208, 129, 248, 59, 151, 133, 184, 79, 132, 168, 82, 73, 228, 230, 198, 252, 123, 227, 150], [32, 116, 38, 180, 3, 96, 156, 106, 193, 5, 160, 185, 190, 94, 15, 253, 214, 223, 226, 17, 26, 103, 124, 59, 51, 46, 169, 132, 77, 85, 114, 230, 145, 215, 255, 150, 55, 174, 100, 28, 167, 89, 239, 172, 36], [64, 205, 45, 143, 96, 37, 181, 70, 80, 185, 97, 101, 120, 107, 223, 217, 68, 208, 62, 59, 102, 184, 33, 168, 85, 228, 191, 252, 241, 150, 110, 130, 7, 221, 89, 195, 138, 61, 251, 44, 207, 173, 8, 58, 38], [128, 19, 117, 24, 156, 181, 140, 93, 161, 94, 60, 107, 163, 67, 26, 129, 147, 102, 109, 132, 41, 57, 209, 252, 255, 98, 87, 200, 224, 89, 155, 18, 245, 11, 233, 173, 16, 232, 45, 3, 157, 53, 159, 40, 185], [29, 76, 143, 157, 106, 70, 93, 95, 101, 253, 254, 217, 13, 129, 59, 133, 79, 168, 73, 230, 252, 227, 149, 130, 28, 81, 195, 18, 247, 44, 27, 2, 58, 152, 3, 39, 212, 140, 186, 190, 202, 231, 225, 175, 26], [58, 45, 12, 37, 193, 80, 161, 101, 231, 223, 134, 208, 237, 102, 169, 168, 146, 191, 179, 150, 87, 7, 166, 195, 36, 251, 125, 173, 64, 38, 143, 39, 181, 10, 185, 47, 120, 127, 217, 26, 62, 197, 184, 21, 85], [116, 180, 96, 106, 5, 185, 94, 253, 223, 17, 103, 59, 46, 132, 85, 230, 215, 150, 174, 28, 89, 172, 244, 44, 108, 32, 38, 3, 156, 193, 160, 190, 15, 214, 226, 26, 124, 51, 169, 77, 114, 145, 255, 55, 100], [232, 234, 39, 238, 160, 97, 60, 254, 134, 103, 118, 184, 84, 57, 145, 227, 220, 7, 162, 172, 245, 176, 71, 58, 180, 192, 181, 40, 95, 15, 177, 175, 208, 147, 46, 21, 73, 99, 241, 55, 200, 166, 43, 122, 44], [205, 143, 37, 70, 185, 101, 107, 217, 208, 59, 184, 168, 228, 252, 150, 130, 221, 195, 61, 44, 173, 58, 117, 39, 193, 186, 47, 231, 182, 26, 237, 23, 21, 146, 145, 219, 87, 56, 242, 36, 139, 54, 64, 45, 96], [135, 6, 53, 20, 190, 120, 163, 13, 237, 46, 84, 228, 229, 98, 100, 81, 69, 251, 131, 32, 45, 192, 238, 186, 94, 187, 217, 189, 236, 169, 82, 209, 241, 220, 28, 242, 72, 22, 173, 116, 201, 37, 140, 222, 15], [19, 24, 181, 93, 94, 107, 67, 129, 102, 132, 57, 252, 98, 200, 89, 18, 11, 173, 232, 3, 53, 40, 194, 231, 226, 189, 197, 158, 170, 145, 75, 25, 166, 69, 235, 54, 29, 234, 37, 5, 95, 120, 91, 52, 59], [38, 96, 193, 185, 15, 223, 26, 59, 169, 85, 145, 150, 100, 89, 36, 44, 1, 38, 96, 193, 185, 15, 223, 26, 59, 169, 85, 145, 150, 100, 89, 36, 44, 1, 38, 96, 193, 185, 15, 223, 26, 59, 169, 85, 145], [76, 157, 70, 95, 253, 217, 129, 133, 168, 230, 227, 130, 81, 18, 44, 2, 152, 39, 140, 190, 231, 175, 31, 23, 77, 209, 219, 25, 162, 36, 88, 4, 45, 78, 5, 97, 211, 67, 62, 46, 154, 191, 171, 50, 89], [152, 78, 10, 153, 214, 68, 147, 79, 146, 215, 220, 221, 69, 11, 1, 152, 78, 10, 153, 214, 68, 147, 79, 146, 215, 220, 221, 69, 11, 1, 152, 78, 10, 153, 214, 68, 147, 79, 146, 215, 220, 221, 69, 11, 1], [45, 37, 80, 101, 223, 208, 102, 168, 191, 150, 7, 195, 251, 173, 38, 39, 10, 47, 127, 26, 197, 21, 115, 219, 100, 242, 245, 54, 205, 96, 70, 97, 107, 68, 59, 33, 228, 241, 130, 89, 61, 207, 58, 12, 193], [90, 148, 186, 30, 226, 62, 109, 73, 179, 174, 162, 61, 131, 232, 96, 140, 153, 127, 52, 51, 168, 99, 98, 56, 172, 22, 8, 234, 212, 185, 240, 67, 237, 79, 114, 241, 25, 121, 245, 108, 19, 39, 20, 188, 223], [180, 106, 185, 253, 17, 59, 132, 230, 150, 28, 172, 44, 32, 3, 193, 190, 214, 26, 51, 77, 145, 55, 167, 36, 233, 116, 96, 5, 94, 223, 103, 46, 85, 215, 174, 89, 244, 108, 38, 156, 160, 15, 226, 124, 169], [117, 181, 161, 107, 26, 102, 41, 252, 87, 89, 245, 173, 45, 53, 185, 231, 68, 197, 168, 145, 110, 166, 61, 54, 38, 37, 186, 120, 134, 59, 21, 191, 196, 221, 36, 207, 205, 39, 80, 15, 217, 237, 33, 115, 150], [234, 238, 97, 254, 103, 184, 57, 227, 7, 172, 176, 58, 192, 40, 15, 175, 147, 21, 99, 55, 166, 122, 216, 45, 106, 222, 107, 52, 133, 85, 123, 50, 195, 11, 32, 12, 140, 188, 182, 124, 158, 115, 49, 224, 36], [201, 159, 47, 91, 124, 33, 209, 149, 166, 244, 71, 117, 238, 194, 223, 31, 79, 115, 98, 167, 61, 216, 90, 181, 190, 254, 206, 218, 213, 150, 224, 72, 54, 152, 106, 161, 177, 189, 184, 114, 171, 56, 18, 131, 38], [143, 70, 101, 217, 59, 168, 252, 130, 195, 44, 58, 39, 186, 231, 26, 23, 146, 219, 56, 36, 54, 45, 181, 97, 223, 62, 33, 191, 110, 89, 251, 8, 12, 10, 15, 134, 197, 41, 179, 100, 86, 125, 205, 37, 185], [3, 5, 15, 17, 51, 85, 255, 28, 36, 108, 180, 193, 94, 226, 59, 77, 215, 100, 172, 233, 38, 106, 190, 223, 124, 132, 145, 174, 239, 44, 116, 156, 185, 214, 103, 169, 230, 55, 89, 235, 32, 96, 160, 253, 26], [6, 20, 120, 13, 46, 228, 98, 81, 251, 32, 192, 186, 187, 189, 169, 209, 220, 242, 22, 116, 37, 222, 254, 62, 132, 63, 130, 43, 250, 38, 212, 194, 182, 147, 77, 179, 141, 9, 54, 180, 159, 101, 67, 151, 85], [12, 80, 231, 208, 169, 191, 87, 195, 125, 38, 181, 47, 217, 197, 85, 219, 221, 245, 8, 96, 186, 107, 206, 33, 145, 130, 86, 207, 45, 193, 101, 134, 102, 146, 150, 166, 251, 64, 39, 185, 127, 62, 21, 252, 100], [24, 93, 107, 129, 132, 252, 200, 18, 173, 3, 40, 231, 189, 158, 145, 25, 69, 54, 234, 5, 120, 52, 218, 191, 174, 43, 207, 90, 35, 15, 136, 92, 115, 220, 239, 125, 76, 238, 101, 17, 133, 228, 149, 121, 44], [48, 105, 127, 248, 77, 241, 224, 247, 64, 156, 95, 182, 236, 170, 150, 162, 11, 205, 212, 94, 134, 133, 213, 110, 239, 250, 45, 35, 30, 26, 218, 99, 130, 69, 108, 143, 40, 211, 206, 132, 229, 7, 144, 2, 96], [96, 185, 223, 59, 85, 150, 89, 44, 38, 193, 15, 26, 169, 145, 100, 36, 1, 96, 185, 223, 59, 85, 150, 89, 44, 38, 193, 15, 26, 169, 145, 100, 36, 1, 96, 185, 223, 59, 85, 150, 89, 44, 38, 193, 15]], dtype=np.uint16)\n",
    "\n",
    "print(\"H_eff.shape =\", H_eff.shape)\n",
    "\n",
    "def get_h_list_for_byte_from_H(H_eff: np.ndarray, byte_idx: int):\n",
    "    \"\"\"\n",
    "    H_eff shape: (m, n_bytes)\n",
    "    return: coefficient list for one secret byte (one decoder window)\n",
    "    \"\"\"\n",
    "    if H_eff.ndim != 2:\n",
    "        raise ValueError(f\"H_eff must be 2D, got shape={H_eff.shape}\")\n",
    "    m, n_bytes = H_eff.shape\n",
    "    if not (0 <= byte_idx < n_bytes):\n",
    "        raise IndexError(f\"byte_idx={byte_idx} out of range for n_bytes={n_bytes}\")\n",
    "    return np.array(H_eff[:, byte_idx], dtype=np.uint16)\n",
    "\n",
    "def run_one_byte_with_real_H(H_eff: np.ndarray, byte_idx: int, rng):\n",
    "    \"\"\"\n",
    "    기존 aggregate_scores_for_one_true_byte(...)를 그대로 사용하되,\n",
    "    랜덤 h_list 대신 실제 H_eff[:, byte_idx]를 사용한다.\n",
    "    \"\"\"\n",
    "    h_list = get_h_list_for_byte_from_H(H_eff, byte_idx)\n",
    "    c_true = int(rng.integers(0, 256))\n",
    "    res = aggregate_scores_for_one_true_byte(c_true, h_list, rng)\n",
    "    return {\n",
    "        \"byte_idx\": int(byte_idx),\n",
    "        \"c_true\": int(c_true),\n",
    "        \"h_list\": h_list,\n",
    "        \"res\": res,\n",
    "    }\n"
   ]
  },
  {
   "cell_type": "code",
   "execution_count": 6,
   "id": "7f81b4a6",
   "metadata": {},
   "outputs": [],
   "source": [
    "# ----------------------------\n",
    "# Occurrence sampler using Gaussian posterior calibrated to Table 2 accuracies\n",
    "# ----------------------------\n",
    "def sample_one_occurrence_for_true_c_accuracy_only(c_true: int, h: int, rng):\n",
    "    hw_c = hw8_scalar(c_true)\n",
    "    y_true = gf_mul_ref_python(h, c_true)\n",
    "    hw_y = hw8_scalar(y_true)\n",
    "\n",
    "    # op1 evidence: HW(c)\n",
    "    p_op1 = gaussian_hw_posterior(\n",
    "        true_hw=hw_c,\n",
    "        alpha=ALPHA_OP1,\n",
    "        beta=BETA_OP1,\n",
    "        sigma_raw=SIGMA_RAW_OP1,\n",
    "        rng=rng,\n",
    "    )\n",
    "\n",
    "    # output evidence: HW(gf_mul(h,c))\n",
    "    p_out = gaussian_hw_posterior(\n",
    "        true_hw=hw_y,\n",
    "        alpha=ALPHA_OUT,\n",
    "        beta=BETA_OUT,\n",
    "        sigma_raw=SIGMA_RAW_OUT,\n",
    "        rng=rng,\n",
    "    )\n",
    "\n",
    "    return {\n",
    "        \"c_true\": int(c_true),\n",
    "        \"h\": int(h),\n",
    "        \"y_true\": int(y_true),\n",
    "        \"hw_c\": int(hw_c),\n",
    "        \"hw_y\": int(hw_y),\n",
    "        \"p_op1\": p_op1,\n",
    "        \"p_out\": p_out,\n",
    "    }\n",
    "\n",
    "def get_h_list_for_byte_from_H(H_eff: np.ndarray, byte_idx: int):\n",
    "    return np.array(H_eff[:, byte_idx], dtype=np.uint16)\n",
    "\n",
    "def aggregate_scores_for_one_true_byte_accuracy_only(c_true: int, h_list, rng):\n",
    "    log_scores = np.zeros(256, dtype=np.float64)\n",
    "    occ_records = []\n",
    "    for h in h_list:\n",
    "        occ = sample_one_occurrence_for_true_c_accuracy_only(c_true, int(h), rng)\n",
    "        occ_records.append(occ)\n",
    "        for c in range(256):\n",
    "            hw_c = hw8_scalar(c)\n",
    "            y = gf_mul_ref_python(int(h), c)\n",
    "            hw_y = hw8_scalar(y)\n",
    "            p1 = occ[\"p_op1\"][hw_c]\n",
    "            p2 = occ[\"p_out\"][hw_y]\n",
    "            log_scores[c] += np.log(max(p1, 1e-300)) + np.log(max(p2, 1e-300))\n",
    "    m = np.max(log_scores)\n",
    "    post = np.exp(log_scores - m)\n",
    "    post /= post.sum()\n",
    "    return {\n",
    "        \"post\": post,\n",
    "        \"best_c\": int(np.argmax(post)),\n",
    "        \"rank_true\": posterior_rank(post, c_true),\n",
    "        \"occ_records\": occ_records,\n",
    "    }\n",
    "\n",
    "def run_one_byte_with_real_H_accuracy_only(H_eff: np.ndarray, byte_idx: int, rng):\n",
    "    h_list = get_h_list_for_byte_from_H(H_eff, byte_idx)\n",
    "    c_true = int(rng.integers(0, 256))\n",
    "    res = aggregate_scores_for_one_true_byte_accuracy_only(c_true, h_list, rng)\n",
    "    return {\"byte_idx\": int(byte_idx), \"c_true\": int(c_true), \"h_list\": h_list, \"res\": res}\n"
   ]
  },
  {
   "cell_type": "code",
   "execution_count": 7,
   "id": "b857e9e1",
   "metadata": {},
   "outputs": [],
   "source": [
    "# ----------------------------\n",
    "# Figure 5 BP using accuracy-only evidence\n",
    "# ----------------------------\n",
    "NC_FIG5 = 512\n",
    "# log(0) sentinel must be outside valid log-sum range [0, 508]\n",
    "GF_SENTINEL = 511\n",
    "GF_ALPHA = 2\n",
    "\n",
    "def build_hqc_logexp_tables():\n",
    "    exp_raw = np.zeros(255, dtype=np.uint32)\n",
    "    log_raw = np.full(256, GF_SENTINEL, dtype=np.uint32)\n",
    "    x = 1\n",
    "    for i in range(255):\n",
    "        exp_raw[i] = x\n",
    "        log_raw[x] = i\n",
    "        x = gf_mul_ref_python(GF_ALPHA, x)\n",
    "    assert x == 1\n",
    "\n",
    "    hw512 = np.zeros(NC_FIG5, dtype=np.uint32)\n",
    "    hw512[:256] = np.array([hw8_scalar(v) for v in range(256)], dtype=np.uint32)\n",
    "\n",
    "    logz512 = np.zeros(NC_FIG5, dtype=np.uint32)\n",
    "    logz512[:256] = log_raw\n",
    "\n",
    "    mod255z = np.zeros(NC_FIG5, dtype=np.uint32)\n",
    "    for v in range(NC_FIG5):\n",
    "        if v == GF_SENTINEL:\n",
    "            mod255z[v] = GF_SENTINEL\n",
    "        elif v <= 508:\n",
    "            mod255z[v] = v % 255\n",
    "        else:\n",
    "            mod255z[v] = GF_SENTINEL\n",
    "\n",
    "    expz512 = np.zeros(NC_FIG5, dtype=np.uint32)\n",
    "    for i in range(255):\n",
    "        expz512[i] = exp_raw[i]\n",
    "    expz512[GF_SENTINEL] = 0\n",
    "\n",
    "    return hw512, logz512, mod255z, expz512, log_raw, exp_raw\n",
    "\n",
    "def hw_posterior_to_512state(p_hw):\n",
    "    evid = np.zeros(NC_FIG5, dtype=np.float64)\n",
    "    evid[:9] = p_hw.astype(np.float64)\n",
    "    evid /= evid.sum()\n",
    "    return evid\n",
    "\n",
    "def byte_uniform_support_512():\n",
    "    evid = np.zeros(NC_FIG5, dtype=np.float64)\n",
    "    evid[:256] = 1.0 / 256.0\n",
    "    return evid\n",
    "\n",
    "def build_addh_table(h, log_raw):\n",
    "    h_log = int(log_raw[int(h)])\n",
    "    addh = np.zeros(NC_FIG5, dtype=np.uint32)\n",
    "    for x in range(NC_FIG5):\n",
    "        if x == GF_SENTINEL:\n",
    "            addh[x] = GF_SENTINEL\n",
    "        elif x < 255:\n",
    "            addh[x] = x + h_log\n",
    "        else:\n",
    "            addh[x] = GF_SENTINEL\n",
    "    return addh\n",
    "\n",
    "def get_distribution_1d(dist):\n",
    "    dist = np.asarray(dist, dtype=np.float64)\n",
    "    if dist.ndim == 2:\n",
    "        dist = dist[0]\n",
    "    return dist\n",
    "\n",
    "hw512, logz512, mod255z, expz512, log_raw, exp_raw = build_hqc_logexp_tables()\n",
    "\n",
    "def run_figure5_window_bp_accuracy_only(H_eff, byte_idx, rng):\n",
    "    trial = run_one_byte_with_real_H_accuracy_only(H_eff, byte_idx=byte_idx, rng=rng)\n",
    "    c_true = trial[\"c_true\"]\n",
    "    h_list = trial[\"h_list\"]\n",
    "    occ_records = trial[\"res\"][\"occ_records\"]\n",
    "\n",
    "    tables = {\"hw\": hw512, \"logz\": logz512, \"mod255z\": mod255z, \"expz\": expz512}\n",
    "    graph_desc = f\"NC {NC_FIG5}\\nTABLE hw\\nTABLE logz\\nTABLE mod255z\\nTABLE expz\\nVAR SINGLE c\\n\"\n",
    "\n",
    "    for i, h in enumerate(h_list):\n",
    "        addh_name = f\"addh{i}\"\n",
    "        lc_name, s_name, r_name = f\"lc{i}\", f\"s{i}\", f\"r{i}\"\n",
    "        y_name, hc_name, hy_name = f\"y{i}\", f\"hc{i}\", f\"hy{i}\"\n",
    "        tables[addh_name] = build_addh_table(h, log_raw)\n",
    "        graph_desc += f\"TABLE {addh_name}\\n\"\n",
    "        graph_desc += f\"VAR SINGLE {lc_name}\\nVAR SINGLE {s_name}\\nVAR SINGLE {r_name}\\n\"\n",
    "        graph_desc += f\"VAR SINGLE {y_name}\\nVAR SINGLE {hc_name}\\nVAR SINGLE {hy_name}\\n\"\n",
    "        graph_desc += f\"PROPERTY {lc_name} = logz[c]\\n\"\n",
    "        graph_desc += f\"PROPERTY {s_name}  = {addh_name}[{lc_name}]\\n\"\n",
    "        graph_desc += f\"PROPERTY {r_name}  = mod255z[{s_name}]\\n\"\n",
    "        graph_desc += f\"PROPERTY {y_name}  = expz[{r_name}]\\n\"\n",
    "        graph_desc += f\"PROPERTY {hc_name} = hw[c]\\n\"\n",
    "        graph_desc += f\"PROPERTY {hy_name} = hw[{y_name}]\\n\"\n",
    "\n",
    "    factor_graph = FactorGraph(graph_desc, tables)\n",
    "    bp = BPState(factor_graph, 1, {})\n",
    "    bp.set_evidence(\"c\", np.ascontiguousarray(byte_uniform_support_512(), dtype=np.float64))\n",
    "    for i, occ in enumerate(occ_records):\n",
    "        bp.set_evidence(f\"hc{i}\", np.ascontiguousarray(hw_posterior_to_512state(occ[\"p_op1\"]), dtype=np.float64))\n",
    "        bp.set_evidence(f\"hy{i}\", np.ascontiguousarray(hw_posterior_to_512state(occ[\"p_out\"]), dtype=np.float64))\n",
    "    bp.bp_acyclic(\"c\")\n",
    "    bp_dist_512 = get_distribution_1d(bp.get_distribution(\"c\"))\n",
    "    bp_dist_512 /= bp_dist_512.sum()\n",
    "    bp_post = bp_dist_512[:256].copy()\n",
    "    bp_post /= bp_post.sum()\n",
    "    return {\n",
    "        \"byte_idx\": int(byte_idx),\n",
    "        \"c_true\": int(c_true),\n",
    "        \"bp_post\": bp_post,\n",
    "        \"bp_best\": int(np.argmax(bp_post)),\n",
    "        \"bp_rank_true\": posterior_rank(bp_post, c_true),\n",
    "    }\n"
   ]
  },
  {
   "cell_type": "code",
   "execution_count": 8,
   "id": "ccb03340",
   "metadata": {},
   "outputs": [
    {
     "name": "stdout",
     "output_type": "stream",
     "text": [
      "[Gaussian calibrated Table 2 Monte Carlo re-decoding evaluation]\n",
      "ACC_OP1_HW         = 0.3035\n",
      "ACC_OUT_HW         = 0.5178\n",
      "ALPHA_OP1          = 1.0\n",
      "ALPHA_OUT          = 4.0\n",
      "SIGMA_RAW_OP1      = 1.2941357193168332\n",
      "SIGMA_RAW_OUT      = 2.8582129061098205\n",
      "SIGMA_EFF_OP1      = 1.2941357193168332\n",
      "SIGMA_EFF_OUT      = 0.7145532265274551\n",
      "n_attacks          = 30\n",
      "success_rate_redec = 1.0\n",
      "avg_errors         = 0.16666666666666666\n",
      "max_errors         = 1\n",
      "avg_top1           = 0.9962962962962963\n",
      "avg_mean_rank      = 1.0007407407407407\n"
     ]
    }
   ],
   "source": [
    "# ----------------------------\n",
    "# Accuracy-only evaluation (Section 4.2 style)\n",
    "# ----------------------------\n",
    "TAU = 19  # HQC128\n",
    "\n",
    "def run_full_window_attack_once_accuracy_only(H_eff, rng):\n",
    "    all_res = [run_figure5_window_bp_accuracy_only(H_eff, byte_idx=j, rng=rng) for j in range(H_eff.shape[1])]\n",
    "    byte_true = np.array([res[\"c_true\"] for res in all_res], dtype=np.uint16)\n",
    "    byte_best = np.array([res[\"bp_best\"] for res in all_res], dtype=np.uint16)\n",
    "    byte_ranks = np.array([res[\"bp_rank_true\"] for res in all_res], dtype=np.int32)\n",
    "    n_errors = int(np.sum(byte_best != byte_true))\n",
    "    redec_success = (n_errors <= (TAU - 1))  # C1 consumes one slot\n",
    "    return {\n",
    "        \"byte_true\": byte_true,\n",
    "        \"byte_best\": byte_best,\n",
    "        \"byte_ranks\": byte_ranks,\n",
    "        \"n_errors\": n_errors,\n",
    "        \"redec_success\": bool(redec_success),\n",
    "    }\n",
    "\n",
    "def monte_carlo_redecoding_accuracy_only(H_eff, n_attacks=30, seed=2026):\n",
    "    rng_local = np.random.default_rng(seed)\n",
    "    success = 0\n",
    "    err_counts = []\n",
    "    top1_list = []\n",
    "    mean_rank_list = []\n",
    "    for _ in range(n_attacks):\n",
    "        r = run_full_window_attack_once_accuracy_only(H_eff, rng=rng_local)\n",
    "        success += int(r[\"redec_success\"])\n",
    "        err_counts.append(r[\"n_errors\"])\n",
    "        top1_list.append(np.mean(r[\"byte_best\"] == r[\"byte_true\"]))\n",
    "        mean_rank_list.append(np.mean(r[\"byte_ranks\"]))\n",
    "    return {\n",
    "        \"success_rate_redec\": success / n_attacks,\n",
    "        \"avg_errors\": float(np.mean(err_counts)),\n",
    "        \"max_errors\": int(np.max(err_counts)),\n",
    "        \"avg_top1\": float(np.mean(top1_list)),\n",
    "        \"avg_mean_rank\": float(np.mean(mean_rank_list)),\n",
    "        \"err_counts\": np.array(err_counts, dtype=np.int32),\n",
    "    }\n",
    "\n",
    "# Monte Carlo run with fixed Table 2 accuracies\n",
    "mc_redec = monte_carlo_redecoding_accuracy_only(H_eff, n_attacks=N_ATTACKS, seed=2026)\n",
    "print(\"[Gaussian calibrated Table 2 Monte Carlo re-decoding evaluation]\")\n",
    "print(\"ACC_OP1_HW         =\", ACC_OP1_HW)\n",
    "print(\"ACC_OUT_HW         =\", ACC_OUT_HW)\n",
    "print(\"ALPHA_OP1          =\", ALPHA_OP1)\n",
    "print(\"ALPHA_OUT          =\", ALPHA_OUT)\n",
    "print(\"SIGMA_RAW_OP1      =\", SIGMA_RAW_OP1)\n",
    "print(\"SIGMA_RAW_OUT      =\", SIGMA_RAW_OUT)\n",
    "print(\"SIGMA_EFF_OP1      =\", SIGMA_EFF_OP1)\n",
    "print(\"SIGMA_EFF_OUT      =\", SIGMA_EFF_OUT)\n",
    "print(\"n_attacks          =\", N_ATTACKS)\n",
    "print(\"success_rate_redec =\", mc_redec[\"success_rate_redec\"])\n",
    "print(\"avg_errors         =\", mc_redec[\"avg_errors\"])\n",
    "print(\"max_errors         =\", mc_redec[\"max_errors\"])\n",
    "print(\"avg_top1           =\", mc_redec[\"avg_top1\"])\n",
    "print(\"avg_mean_rank      =\", mc_redec[\"avg_mean_rank\"])\n"
   ]
  },
  {
   "cell_type": "markdown",
   "id": "0921ab2e",
   "metadata": {},
   "source": []
  }
 ],
 "metadata": {
  "kernelspec": {
   "display_name": ".cwvenv (3.9.6)",
   "language": "python",
   "name": "python3"
  },
  "language_info": {
   "codemirror_mode": {
    "name": "ipython",
    "version": 3
   },
   "file_extension": ".py",
   "mimetype": "text/x-python",
   "name": "python",
   "nbconvert_exporter": "python",
   "pygments_lexer": "ipython3",
   "version": "3.9.6"
  }
 },
 "nbformat": 4,
 "nbformat_minor": 5
}
